2	4	0	0	0	0	0	0	0	0	0	9	9	9	9	9	9	9	9	9	9	9	9	9	9	9	9	9	
2	6	1	1	1	1	1	1	1	1	1	9	9	9	9	9	9	9	9	9	9	9	9	9	9	9	9	9	
2	7	0	0	0	0	0	0	0	0	0	9	9	9	9	9	9	9	9	9	9	9	9	9	9	9	9	9	
2	9	0	0	0	0	0	0	0	0	0	9	9	9	9	9	9	9	9	9	9	9	9	9	9	9	9	9	
2	10	0	0	0	0	0	0	0	0	0	9	9	9	9	9	9	9	9	9	9	9	9	9	9	9	9	9	
2	11	0	0	0	0	0	0	0	0	0	9	9	9	9	9	9	9	9	9	9	9	9	9	9	9	9	9	
2	12	0	0	0	0	0	0	0	0	0	9	9	9	9	9	9	9	9	9	9	9	9	9	9	9	9	9	
2	13	0	0	0	0	0	0	0	0	0	9	9	9	9	9	9	9	9	9	9	9	9	9	9	9	9	9	
2	14	0	0	0	0	0	0	0	0	0	9	9	9	9	9	9	9	9	9	9	9	9	9	9	9	9	9	
2	15	0	0	0	0	0	0	0	0	0	9	9	9	9	9	9	9	9	9	9	9	9	9	9	9	9	9	
2	3	9	1	1	9	1	1	1	1	9	9	9	9	9	9	9	9	9	9	9	9	9	9	9	9	9	9	
2	22	9	9	9	9	0	0	0	0	0	9	9	9	9	9	9	9	9	9	9	9	9	9	9	9	9	9	
2	30	9	9	9	9	9	9	9	9	9	9	9	9	9	9	9	9	9	9	9	9	9	9	9	9	9	9	
2	31	9	9	9	9	9	9	9	9	9	9	9	9	9	9	9	9	9	9	9	9	9	9	9	9	9	9	
2	32	9	9	9	9	9	9	9	9	9	9	9	9	9	9	9	9	9	9	9	9	9	9	9	9	9	9	
2	28	9	9	9	9	9	9	9	9	9	9	9	9	9	9	9	9	9	9	9	9	9	9	9	9	9	9	
4	6	0	0	0	0	0	0	0	0	0	0	0	9	9	9	9	9	0	0	0	0	0	0	0	0	0	0	
4	7	0	0	0	0	0	0	0	0	0	0	0	0	0	0	0	0	0	0	0	0	0	0	0	0	0	0	
4	9	0	0	0	0	0	0	0	0	0	0	0	0	0	0	0	0	0	0	0	0	0	0	0	0	0	0	
4	10	0	0	0	0	0	0	0	0	0	0	0	0	0	0	0	0	0	0	0	0	0	0	0	0	0	0	
4	11	0	0	0	0	0	0	0	0	0	0	0	0	0	0	0	0	0	0	0	0	0	0	0	0	0	0	
4	12	0	0	0	0	0	0	0	0	0	0	0	0	0	0	0	0	0	0	0	0	0	0	0	0	0	0	
4	13	0	0	0	0	0	0	0	0	0	0	0	0	0	0	0	0	0	0	0	0	0	0	0	0	0	0	
4	14	0	0	0	0	0	0	0	0	0	0	0	0	0	0	0	0	0	0	0	0	0	0	0	0	0	0	
4	15	0	0	0	0	0	0	0	0	0	0	0	0	0	0	0	0	0	0	0	0	0	0	0	0	0	9	
4	3	9	0	0	9	0	0	0	0	9	9	9	9	9	9	9	9	9	9	9	9	9	9	9	9	9	9	
4	22	9	9	9	9	0	0	0	0	0	0	0	0	0	0	0	0	0	0	0	0	0	0	9	9	9	9	
4	30	9	9	9	9	9	9	9	9	9	9	0	0	0	0	0	0	0	0	0	0	0	0	0	0	9	9	
4	31	9	9	9	9	9	9	9	9	9	9	0	0	0	0	0	0	0	0	0	0	0	0	0	0	0	0	
4	32	9	9	9	9	9	9	9	9	9	9	9	9	0	0	0	0	0	0	0	0	0	0	0	0	0	0	
4	28	9	9	9	9	9	9	9	9	9	9	9	9	9	9	0	0	0	0	0	9	9	9	9	9	9	9	
6	7	0	0	0	0	0	0	0	0	0	0	0	9	9	9	9	9	0	0	0	0	0	0	0	0	0	0	
6	9	0	0	0	0	0	0	0	0	0	0	0	9	9	9	9	9	0	0	0	0	0	0	0	0	0	0	
6	10	0	0	0	0	0	0	0	0	0	0	0	9	9	9	9	9	0	0	0	0	0	0	0	0	0	0	
6	11	0	0	0	0	0	0	0	0	0	0	0	9	9	9	9	9	0	0	0	0	0	0	0	0	0	0	
6	12	0	0	0	0	0	0	0	0	0	0	0	9	9	9	9	9	0	0	0	0	0	0	0	0	0	0	
6	13	0	0	0	0	0	0	0	0	0	0	0	9	9	9	9	9	0	0	0	0	0	0	0	0	0	0	
6	14	0	0	0	0	0	0	0	0	0	0	0	9	9	9	9	9	0	0	0	0	0	0	0	0	0	0	
6	15	0	0	0	0	0	0	0	0	0	0	0	9	9	9	9	9	0	0	0	0	0	0	0	0	0	9	
6	3	9	1	1	9	1	1	1	1	9	9	9	9	9	9	9	9	9	9	9	9	9	9	9	9	9	9	
6	22	9	9	9	9	0	0	0	0	0	0	0	9	9	9	9	9	0	0	0	0	0	0	9	9	9	9	
6	30	9	9	9	9	9	9	9	9	9	9	0	9	9	9	9	9	0	0	0	0	0	0	0	0	9	9	
6	31	9	9	9	9	9	9	9	9	9	9	1	9	9	9	9	9	1	1	1	1	1	1	1	1	1	1	
6	32	9	9	9	9	9	9	9	9	9	9	9	9	9	9	9	9	1	1	1	1	1	1	1	1	1	1	
6	28	9	9	9	9	9	9	9	9	9	9	9	9	9	9	9	9	0	0	0	9	9	9	9	9	9	9	
7	9	1	1	1	1	1	1	1	1	1	1	1	1	1	1	1	1	1	1	1	1	1	1	1	1	1	1	
7	10	0	0	0	0	0	0	0	0	0	0	0	0	0	0	0	0	0	0	0	0	0	0	0	0	0	0	
7	11	0	0	0	0	0	0	0	0	0	0	0	0	0	0	0	0	0	0	0	0	0	0	0	0	0	0	
7	12	0	0	0	0	0	0	0	0	0	0	0	0	0	0	0	0	0	0	0	0	0	0	0	0	0	0	
7	13	0	0	0	0	0	0	0	0	0	0	0	0	0	0	0	0	0	0	0	0	0	0	0	0	0	0	
7	14	0	0	0	0	0	0	0	0	0	0	0	0	0	0	0	0	0	0	0	0	0	0	0	0	0	0	
7	15	0	0	0	0	0	0	0	0	0	0	0	0	0	0	0	0	0	0	0	0	0	0	0	0	0	9	
7	3	9	0	0	9	0	0	0	0	9	9	9	9	9	9	9	9	9	9	9	9	9	9	9	9	9	9	
7	22	9	9	9	9	0	0	0	0	0	0	0	0	0	0	0	0	0	0	0	0	0	0	9	9	9	9	
7	30	9	9	9	9	9	9	9	9	9	9	0	0	0	0	0	0	0	0	0	0	0	0	0	0	9	9	
7	31	9	9	9	9	9	9	9	9	9	9	0	0	0	0	0	0	0	0	0	0	0	0	0	0	0	0	
7	32	9	9	9	9	9	9	9	9	9	9	9	9	0	0	0	0	0	0	0	0	0	0	0	0	0	0	
7	28	9	9	9	9	9	9	9	9	9	9	9	9	9	9	0	0	0	0	0	9	9	9	9	9	9	9	
9	10	0	0	0	0	0	0	0	0	0	0	0	0	0	0	0	0	0	0	0	0	0	0	0	0	0	0	
9	11	0	0	0	0	0	0	0	0	0	0	0	0	0	0	0	0	0	0	0	0	0	0	0	0	0	0	
9	12	0	0	0	0	0	0	0	0	0	0	0	0	0	0	0	0	0	0	0	0	0	0	0	0	0	0	
9	13	0	0	0	0	0	0	0	0	0	0	0	0	0	0	0	0	0	0	0	0	0	0	0	0	0	0	
9	14	0	0	0	0	0	0	0	0	0	0	0	0	0	0	0	0	0	0	0	0	0	0	0	0	0	0	
9	15	0	0	0	0	0	0	0	0	0	0	0	0	0	0	0	0	0	0	0	0	0	0	0	0	0	9	
9	3	9	0	0	9	0	0	0	0	9	9	9	9	9	9	9	9	9	9	9	9	9	9	9	9	9	9	
9	22	9	9	9	9	0	0	0	0	0	0	0	0	0	0	0	0	0	0	0	0	0	0	9	9	9	9	
9	30	9	9	9	9	9	9	9	9	9	9	0	0	0	0	0	0	0	0	0	0	0	0	0	0	9	9	
9	31	9	9	9	9	9	9	9	9	9	9	0	0	0	0	0	0	0	0	0	0	0	0	0	0	0	0	
9	32	9	9	9	9	9	9	9	9	9	9	9	9	0	0	0	0	0	0	0	0	0	0	0	0	0	0	
9	28	9	9	9	9	9	9	9	9	9	9	9	9	9	9	0	0	0	0	0	9	9	9	9	9	9	9	
10	11	0	0	0	0	0	0	0	0	0	0	0	0	0	0	0	0	0	0	0	0	0	0	0	0	0	0	
10	12	0	0	0	0	0	0	0	0	0	0	0	0	0	0	0	0	0	0	0	0	0	0	0	0	0	0	
10	13	0	0	0	0	0	0	0	0	0	0	0	0	0	0	0	0	0	0	0	0	0	0	0	0	0	0	
10	14	0	0	0	0	0	0	0	0	0	0	0	0	0	0	0	0	0	0	0	0	0	0	0	0	0	0	
10	15	0	0	0	0	0	0	0	0	0	0	0	0	0	0	0	0	0	0	0	0	0	0	0	0	0	9	
10	3	9	0	0	9	0	0	0	0	9	9	9	9	9	9	9	9	9	9	9	9	9	9	9	9	9	9	
10	22	9	9	9	9	0	0	0	0	0	0	0	0	0	0	0	0	0	0	0	0	0	0	9	9	9	9	
10	30	9	9	9	9	9	9	9	9	9	9	0	0	0	0	0	0	0	0	0	0	0	0	0	0	9	9	
10	31	9	9	9	9	9	9	9	9	9	9	0	0	0	0	0	0	0	0	0	0	0	0	0	0	0	0	
10	32	9	9	9	9	9	9	9	9	9	9	9	9	0	0	0	0	0	0	0	0	0	0	0	0	0	0	
10	28	9	9	9	9	9	9	9	9	9	9	9	9	9	9	0	0	0	0	0	9	9	9	9	9	9	9	
11	12	0	0	0	0	0	0	0	0	0	0	0	0	0	0	0	0	0	0	0	0	0	0	0	0	0	0	
11	13	0	0	0	0	0	0	0	0	0	0	0	0	0	0	0	0	0	0	0	0	0	0	0	0	0	0	
11	14	0	0	0	0	0	0	0	0	0	0	0	0	0	0	0	0	0	0	0	0	0	0	0	0	0	0	
11	15	0	0	0	0	0	0	0	0	0	0	0	0	0	0	0	0	0	0	0	0	0	0	0	0	0	9	
11	3	9	0	0	9	0	0	0	0	9	9	9	9	9	9	9	9	9	9	9	9	9	9	9	9	9	9	
11	22	9	9	9	9	0	0	0	0	0	0	0	0	0	0	0	0	0	0	0	0	0	0	9	9	9	9	
11	30	9	9	9	9	9	9	9	9	9	9	0	0	0	0	0	0	0	0	0	0	0	0	0	0	9	9	
11	31	9	9	9	9	9	9	9	9	9	9	0	0	0	0	0	0	0	0	0	0	0	0	0	0	0	0	
11	32	9	9	9	9	9	9	9	9	9	9	9	9	0	0	0	0	0	0	0	0	0	0	0	0	0	0	
11	28	9	9	9	9	9	9	9	9	9	9	9	9	9	9	0	0	0	0	0	9	9	9	9	9	9	9	
12	13	0	0	0	0	0	0	0	0	0	0	0	0	0	0	0	0	0	0	0	0	0	0	0	0	0	0	
12	14	0	0	0	0	0	0	0	0	0	0	0	0	0	0	0	0	0	0	0	0	0	0	0	0	0	0	
12	15	0	0	0	0	0	0	0	0	0	0	0	0	0	0	0	0	0	0	0	0	0	0	0	0	0	9	
12	3	9	0	0	9	0	0	0	0	9	9	9	9	9	9	9	9	9	9	9	9	9	9	9	9	9	9	
12	22	9	9	9	9	0	0	0	0	0	0	0	0	0	0	0	0	0	0	0	0	0	0	9	9	9	9	
12	30	9	9	9	9	9	9	9	9	9	9	0	0	0	0	0	0	0	0	0	0	0	0	0	0	9	9	
12	31	9	9	9	9	9	9	9	9	9	9	0	0	0	0	0	0	0	0	0	0	0	0	0	0	0	0	
12	32	9	9	9	9	9	9	9	9	9	9	9	9	0	0	0	0	0	0	0	0	0	0	0	0	0	0	
12	28	9	9	9	9	9	9	9	9	9	9	9	9	9	9	0	0	0	0	0	9	9	9	9	9	9	9	
13	14	0	0	0	0	0	0	0	0	0	0	0	0	0	1	1	1	1	1	1	1	0	0	0	0	0	0	
13	15	1	1	0	0	1	1	1	1	1	1	1	1	1	1	1	1	1	1	1	1	1	1	1	0	0	9	
13	3	9	0	0	9	0	0	0	0	9	9	9	9	9	9	9	9	9	9	9	9	9	9	9	9	9	9	
13	22	9	9	9	9	0	0	0	0	0	0	0	0	0	0	0	0	0	0	0	0	0	0	9	9	9	9	
13	30	9	9	9	9	9	9	9	9	9	9	0	0	0	0	0	0	0	0	0	0	0	0	0	0	9	9	
13	31	9	9	9	9	9	9	9	9	9	9	0	0	0	0	0	0	0	0	0	0	0	0	0	0	0	0	
13	32	9	9	9	9	9	9	9	9	9	9	9	9	0	0	0	0	0	0	0	0	0	0	0	0	0	0	
13	28	9	9	9	9	9	9	9	9	9	9	9	9	9	9	0	0	0	0	0	9	9	9	9	9	9	9	
14	15	0	0	0	0	0	0	0	0	0	0	0	0	0	0	0	0	0	0	0	0	0	0	0	0	0	9	
14	3	9	0	0	9	0	0	0	0	9	9	9	9	9	9	9	9	9	9	9	9	9	9	9	9	9	9	
14	22	9	9	9	9	0	1	0	1	1	1	1	1	1	1	1	0	1	0	1	1	1	0	9	9	9	9	
14	30	9	9	9	9	9	9	9	9	9	9	0	0	0	0	0	0	0	0	0	0	0	0	0	0	9	9	
14	31	9	9	9	9	9	9	9	9	9	9	0	0	0	0	0	0	0	0	0	0	0	0	0	0	0	0	
14	32	9	9	9	9	9	9	9	9	9	9	9	9	0	0	0	0	0	0	0	0	0	0	0	0	0	0	
14	28	9	9	9	9	9	9	9	9	9	9	9	9	9	9	0	0	0	0	0	9	9	9	9	9	9	9	
15	3	9	0	0	9	0	0	0	0	9	9	9	9	9	9	9	9	9	9	9	9	9	9	9	9	9	9	
15	22	9	9	9	9	0	0	0	0	0	0	0	0	0	0	0	0	0	0	0	0	0	0	9	9	9	9	
15	30	9	9	9	9	9	9	9	9	9	9	0	0	0	0	0	0	0	0	0	0	0	0	0	0	9	9	
15	31	9	9	9	9	9	9	9	9	9	9	0	0	0	0	0	0	0	0	0	0	0	0	0	0	0	9	
15	32	9	9	9	9	9	9	9	9	9	9	9	9	0	0	0	0	0	0	0	0	0	0	0	0	0	9	
15	28	9	9	9	9	9	9	9	9	9	9	9	9	9	9	0	0	0	0	0	9	9	9	9	9	9	9	
3	22	9	9	9	9	0	0	0	0	9	9	9	9	9	9	9	9	9	9	9	9	9	9	9	9	9	9	
3	30	9	9	9	9	9	9	9	9	9	9	9	9	9	9	9	9	9	9	9	9	9	9	9	9	9	9	
3	31	9	9	9	9	9	9	9	9	9	9	9	9	9	9	9	9	9	9	9	9	9	9	9	9	9	9	
3	32	9	9	9	9	9	9	9	9	9	9	9	9	9	9	9	9	9	9	9	9	9	9	9	9	9	9	
3	28	9	9	9	9	9	9	9	9	9	9	9	9	9	9	9	9	9	9	9	9	9	9	9	9	9	9	
22	30	9	9	9	9	9	9	9	9	9	9	0	0	0	0	0	0	0	0	0	0	0	0	9	9	9	9	
22	31	9	9	9	9	9	9	9	9	9	9	0	0	0	0	0	0	0	0	0	0	0	0	9	9	9	9	
22	32	9	9	9	9	9	9	9	9	9	9	9	9	0	0	0	0	0	0	0	0	0	0	9	9	9	9	
22	28	9	9	9	9	9	9	9	9	9	9	9	9	9	9	1	1	1	1	1	9	9	9	9	9	9	9	
30	31	9	9	9	9	9	9	9	9	9	9	1	1	1	1	1	1	1	1	1	1	1	1	1	1	9	9	
30	32	9	9	9	9	9	9	9	9	9	9	9	9	1	1	1	1	1	1	1	1	1	1	1	1	9	9	
30	28	9	9	9	9	9	9	9	9	9	9	9	9	9	9	0	0	0	0	0	9	9	9	9	9	9	9	
31	32	9	9	9	9	9	9	9	9	9	9	9	9	1	1	1	1	1	1	1	1	1	1	1	1	1	1	
31	28	9	9	9	9	9	9	9	9	9	9	9	9	9	9	0	0	0	0	0	9	9	9	9	9	9	9	
32	28	9	9	9	9	9	9	9	9	9	9	9	9	9	9	0	0	0	0	0	9	9	9	9	9	9	9	
