3	4	1	1	1	1	1	1	1	1	1	1	1	1	1	1	1	1	1	1	1	1	1	1	1	1	1	1	1	
3	5	0	0	0	0	0	0	0	0	0	0	0	0	0	0	0	0	0	0	0	0	0	0	0	0	0	0	0	
3	7	0	0	0	0	0	0	0	0	0	0	0	0	0	0	0	0	0	0	0	0	0	0	0	0	0	0	0	
3	8	0	0	0	0	0	0	0	0	0	0	0	0	0	0	0	0	0	0	0	0	0	0	0	0	0	0	0	
3	9	0	0	0	0	0	0	0	0	0	0	0	0	0	0	0	0	0	0	0	0	0	0	0	0	0	0	0	
3	10	0	0	0	0	0	0	0	0	0	0	0	0	0	0	0	0	0	0	0	0	0	0	0	0	0	0	0	
3	11	0	0	0	0	0	0	0	0	0	0	0	0	0	0	0	9	0	9	0	0	0	9	0	0	0	0	0	
3	15	0	0	0	0	0	0	0	0	0	0	0	0	0	0	0	0	0	0	0	0	0	0	0	0	9	9	9	
3	18	9	9	9	9	9	0	0	0	0	0	0	0	0	0	0	0	0	0	0	0	0	0	0	0	0	0	9	
3	2	9	9	9	9	9	9	9	9	9	0	9	9	9	9	9	9	9	9	9	9	9	9	9	9	9	9	9	
4	5	0	0	0	0	0	0	0	0	0	0	0	0	0	0	0	0	0	0	0	0	0	0	0	0	0	0	0	
4	7	0	0	0	0	0	0	0	0	0	0	0	0	0	0	0	0	0	0	0	0	0	0	0	0	0	0	0	
4	8	0	0	0	0	0	0	0	0	0	0	0	0	0	0	0	0	0	0	0	0	0	0	0	0	0	0	0	
4	9	0	0	0	0	0	0	0	0	0	0	0	0	0	0	0	0	0	0	0	0	0	0	0	0	0	0	0	
4	10	0	0	0	0	0	0	0	0	0	0	0	0	0	0	0	0	0	0	0	0	0	0	0	0	0	0	0	
4	11	0	0	0	0	0	0	0	0	0	0	0	0	0	0	0	9	0	9	0	0	0	9	0	0	0	0	0	
4	15	0	0	0	0	0	0	0	0	0	0	0	0	0	0	0	0	0	0	0	0	0	0	0	0	9	9	9	
4	18	9	9	9	9	9	0	0	0	0	0	0	0	0	0	0	0	0	0	0	0	0	0	0	0	0	0	9	
4	2	9	9	9	9	9	9	9	9	9	0	9	9	9	9	9	9	9	9	9	9	9	9	9	9	9	9	9	
5	7	0	0	0	0	0	0	0	0	0	0	0	0	0	0	0	0	0	0	0	0	0	0	0	0	0	0	0	
5	8	0	0	0	0	0	0	0	0	0	0	0	0	0	0	0	0	0	0	0	0	0	0	0	0	0	0	0	
5	9	0	0	0	0	0	0	0	0	0	0	0	0	0	0	0	0	0	0	0	0	0	0	0	0	0	0	0	
5	10	0	0	0	0	0	0	0	0	0	0	0	0	0	0	0	0	0	0	0	0	0	0	0	0	0	0	0	
5	11	0	0	0	0	0	0	0	0	0	0	0	0	0	0	0	9	0	9	0	0	0	9	0	0	0	0	0	
5	15	0	0	0	0	0	0	0	0	0	0	0	0	0	0	0	0	0	0	0	0	0	0	0	0	9	9	9	
5	18	9	9	9	9	9	0	0	0	0	0	0	0	0	0	0	0	0	0	0	0	0	0	0	0	0	0	9	
5	2	9	9	9	9	9	9	9	9	9	0	9	9	9	9	9	9	9	9	9	9	9	9	9	9	9	9	9	
7	8	0	0	0	0	0	0	0	0	0	0	0	0	0	0	0	0	0	0	0	0	0	0	0	0	0	0	0	
7	9	0	0	0	0	0	0	0	0	0	0	0	0	0	0	0	0	0	0	0	0	0	0	0	0	0	0	0	
7	10	0	0	0	0	0	0	0	0	0	0	0	0	0	0	0	0	0	0	0	0	0	0	0	0	0	0	0	
7	11	0	0	0	0	0	0	0	0	0	0	0	0	0	0	0	9	0	9	0	0	0	9	0	0	0	0	0	
7	15	0	0	0	0	0	0	0	0	0	0	0	0	0	0	0	0	0	0	0	0	0	0	0	0	9	9	9	
7	18	9	9	9	9	9	0	0	0	0	0	0	0	0	0	0	0	0	0	0	0	0	0	0	0	0	0	9	
7	2	9	9	9	9	9	9	9	9	9	0	9	9	9	9	9	9	9	9	9	9	9	9	9	9	9	9	9	
8	9	0	0	0	0	0	0	0	0	0	0	0	0	0	0	0	0	0	0	0	0	0	0	0	0	0	0	0	
8	10	0	0	0	0	0	0	0	0	0	0	0	0	0	0	0	0	0	0	0	0	0	0	0	0	0	0	0	
8	11	0	0	0	0	0	0	0	0	0	0	0	0	0	1	1	9	1	9	1	1	1	9	0	0	0	0	0	
8	15	0	0	0	0	0	0	0	0	0	0	0	0	0	0	0	0	0	0	0	0	0	0	0	0	9	9	9	
8	18	9	9	9	9	9	0	0	1	1	1	1	1	1	1	1	1	1	1	1	1	1	1	1	1	1	0	9	
8	2	9	9	9	9	9	9	9	9	9	0	9	9	9	9	9	9	9	9	9	9	9	9	9	9	9	9	9	
9	10	0	0	0	0	0	0	0	0	0	0	0	0	0	0	0	0	0	0	0	0	0	0	0	0	0	0	0	
9	11	0	0	0	0	0	0	0	0	0	0	0	0	0	0	0	9	0	9	0	0	0	9	0	0	0	0	0	
9	15	0	0	0	0	0	0	0	0	0	0	0	0	0	0	0	0	0	0	0	0	0	0	0	0	9	9	9	
9	18	9	9	9	9	9	0	0	0	0	0	0	0	0	0	0	0	0	0	0	0	0	0	0	0	0	0	9	
9	2	9	9	9	9	9	9	9	9	9	0	9	9	9	9	9	9	9	9	9	9	9	9	9	9	9	9	9	
10	11	0	0	0	0	0	0	0	0	0	0	0	0	0	0	0	9	0	9	0	0	0	9	0	0	0	0	0	
10	15	0	0	0	0	0	0	0	0	0	0	0	0	0	0	0	0	0	0	0	0	0	0	0	0	9	9	9	
10	18	9	9	9	9	9	0	0	0	0	0	0	0	0	0	0	0	0	0	0	0	0	0	0	0	0	0	9	
10	2	9	9	9	9	9	9	9	9	9	0	9	9	9	9	9	9	9	9	9	9	9	9	9	9	9	9	9	
11	15	1	0	1	0	1	1	0	1	0	0	0	1	0	0	1	9	1	9	1	1	1	9	1	0	9	9	9	
11	18	9	9	9	9	9	0	0	0	0	0	0	0	0	0	0	9	0	9	0	1	0	9	0	0	0	0	9	
11	2	9	9	9	9	9	9	9	9	9	0	9	9	9	9	9	9	9	9	9	9	9	9	9	9	9	9	9	
15	18	9	9	9	9	9	0	0	0	0	0	0	0	0	0	0	0	0	0	0	0	0	0	0	0	9	9	9	
15	2	9	9	9	9	9	9	9	9	9	0	9	9	9	9	9	9	9	9	9	9	9	9	9	9	9	9	9	
18	2	9	9	9	9	9	9	9	9	9	0	9	9	9	9	9	9	9	9	9	9	9	9	9	9	9	9	9	
