2	3	0	0	0	0	0	0	0	0	0	0	0	0	0	0	0	0	0	0	0	0	0	0	0	0	0	0	0	0	0	0	0	
2	5	1	1	0	0	0	0	1	1	1	1	1	1	1	1	1	1	1	1	1	1	1	1	1	1	1	1	1	1	1	1	0	
2	6	0	0	0	0	0	0	0	0	0	0	0	0	0	0	0	0	0	0	0	0	0	0	0	0	0	0	0	0	0	0	0	
2	10	9	0	0	0	0	0	0	0	0	0	0	0	0	0	0	0	0	0	0	0	0	0	0	0	0	0	0	9	9	9	9	
2	12	9	9	9	0	9	9	9	9	9	9	9	9	9	9	9	9	9	9	9	9	9	9	9	9	9	9	9	9	9	9	9	
2	13	9	9	9	9	9	0	9	0	9	9	9	9	9	9	9	9	9	9	9	9	9	9	9	9	9	9	9	9	9	9	9	
2	14	9	9	9	9	9	9	9	9	9	0	9	0	9	0	9	0	9	9	9	9	9	9	9	9	9	9	9	9	9	9	9	
2	15	9	9	9	9	9	9	9	9	9	9	9	9	9	9	9	9	9	0	9	9	9	9	9	9	9	9	9	9	9	9	9	
2	17	9	9	9	9	9	9	9	9	9	9	9	9	9	9	9	9	9	9	9	0	0	9	0	9	0	0	0	9	0	9	0	
2	22	9	9	9	9	9	9	9	9	9	9	9	9	9	9	9	9	9	9	9	9	9	9	9	9	9	0	9	9	9	9	9	
3	5	0	0	0	0	0	0	0	0	0	0	0	0	0	0	0	0	0	0	0	0	0	0	0	0	0	0	0	0	0	0	0	
3	6	1	1	1	1	1	1	1	1	1	1	1	1	1	1	1	1	1	1	1	1	0	0	0	0	0	0	0	0	0	0	0	
3	10	9	0	0	0	0	0	1	1	1	1	1	1	1	1	1	1	1	1	1	1	1	1	1	1	1	1	0	9	9	9	9	
3	12	9	9	9	0	9	9	9	9	9	9	9	9	9	9	9	9	9	9	9	9	9	9	9	9	9	9	9	9	9	9	9	
3	13	9	9	9	9	9	0	9	0	9	9	9	9	9	9	9	9	9	9	9	9	9	9	9	9	9	9	9	9	9	9	9	
3	14	9	9	9	9	9	9	9	9	9	0	9	0	9	0	9	0	9	9	9	9	9	9	9	9	9	9	9	9	9	9	9	
3	15	9	9	9	9	9	9	9	9	9	9	9	9	9	9	9	9	9	0	9	9	9	9	9	9	9	9	9	9	9	9	9	
3	17	9	9	9	9	9	9	9	9	9	9	9	9	9	9	9	9	9	9	9	0	0	9	0	9	0	0	0	9	0	9	0	
3	22	9	9	9	9	9	9	9	9	9	9	9	9	9	9	9	9	9	9	9	9	9	9	9	9	9	0	9	9	9	9	9	
5	6	0	0	0	0	0	0	0	0	0	0	0	0	0	0	0	0	0	0	0	0	0	0	0	0	0	0	0	0	0	0	0	
5	10	9	0	0	0	0	0	0	0	0	0	0	0	0	0	0	0	0	0	0	0	0	0	0	0	0	0	0	9	9	9	9	
5	12	9	9	9	0	9	9	9	9	9	9	9	9	9	9	9	9	9	9	9	9	9	9	9	9	9	9	9	9	9	9	9	
5	13	9	9	9	9	9	0	9	0	9	9	9	9	9	9	9	9	9	9	9	9	9	9	9	9	9	9	9	9	9	9	9	
5	14	9	9	9	9	9	9	9	9	9	0	9	0	9	0	9	0	9	9	9	9	9	9	9	9	9	9	9	9	9	9	9	
5	15	9	9	9	9	9	9	9	9	9	9	9	9	9	9	9	9	9	0	9	9	9	9	9	9	9	9	9	9	9	9	9	
5	17	9	9	9	9	9	9	9	9	9	9	9	9	9	9	9	9	9	9	9	0	0	9	0	9	0	0	0	9	0	9	0	
5	22	9	9	9	9	9	9	9	9	9	9	9	9	9	9	9	9	9	9	9	9	9	9	9	9	9	0	9	9	9	9	9	
6	10	9	0	0	0	0	0	0	0	0	0	0	0	0	0	0	0	0	0	0	0	0	0	0	0	0	0	0	9	9	9	9	
6	12	9	9	9	0	9	9	9	9	9	9	9	9	9	9	9	9	9	9	9	9	9	9	9	9	9	9	9	9	9	9	9	
6	13	9	9	9	9	9	0	9	0	9	9	9	9	9	9	9	9	9	9	9	9	9	9	9	9	9	9	9	9	9	9	9	
6	14	9	9	9	9	9	9	9	9	9	0	9	0	9	0	9	0	9	9	9	9	9	9	9	9	9	9	9	9	9	9	9	
6	15	9	9	9	9	9	9	9	9	9	9	9	9	9	9	9	9	9	0	9	9	9	9	9	9	9	9	9	9	9	9	9	
6	17	9	9	9	9	9	9	9	9	9	9	9	9	9	9	9	9	9	9	9	0	0	9	0	9	0	0	0	9	0	9	0	
6	22	9	9	9	9	9	9	9	9	9	9	9	9	9	9	9	9	9	9	9	9	9	9	9	9	9	0	9	9	9	9	9	
10	12	9	9	9	0	9	9	9	9	9	9	9	9	9	9	9	9	9	9	9	9	9	9	9	9	9	9	9	9	9	9	9	
10	13	9	9	9	9	9	0	9	0	9	9	9	9	9	9	9	9	9	9	9	9	9	9	9	9	9	9	9	9	9	9	9	
10	14	9	9	9	9	9	9	9	9	9	0	9	0	9	0	9	0	9	9	9	9	9	9	9	9	9	9	9	9	9	9	9	
10	15	9	9	9	9	9	9	9	9	9	9	9	9	9	9	9	9	9	0	9	9	9	9	9	9	9	9	9	9	9	9	9	
10	17	9	9	9	9	9	9	9	9	9	9	9	9	9	9	9	9	9	9	9	0	0	9	0	9	0	0	0	9	9	9	9	
10	22	9	9	9	9	9	9	9	9	9	9	9	9	9	9	9	9	9	9	9	9	9	9	9	9	9	1	9	9	9	9	9	
12	13	9	9	9	9	9	9	9	9	9	9	9	9	9	9	9	9	9	9	9	9	9	9	9	9	9	9	9	9	9	9	9	
12	14	9	9	9	9	9	9	9	9	9	9	9	9	9	9	9	9	9	9	9	9	9	9	9	9	9	9	9	9	9	9	9	
12	15	9	9	9	9	9	9	9	9	9	9	9	9	9	9	9	9	9	9	9	9	9	9	9	9	9	9	9	9	9	9	9	
12	17	9	9	9	9	9	9	9	9	9	9	9	9	9	9	9	9	9	9	9	9	9	9	9	9	9	9	9	9	9	9	9	
12	22	9	9	9	9	9	9	9	9	9	9	9	9	9	9	9	9	9	9	9	9	9	9	9	9	9	9	9	9	9	9	9	
13	14	9	9	9	9	9	9	9	9	9	9	9	9	9	9	9	9	9	9	9	9	9	9	9	9	9	9	9	9	9	9	9	
13	15	9	9	9	9	9	9	9	9	9	9	9	9	9	9	9	9	9	9	9	9	9	9	9	9	9	9	9	9	9	9	9	
13	17	9	9	9	9	9	9	9	9	9	9	9	9	9	9	9	9	9	9	9	9	9	9	9	9	9	9	9	9	9	9	9	
13	22	9	9	9	9	9	9	9	9	9	9	9	9	9	9	9	9	9	9	9	9	9	9	9	9	9	9	9	9	9	9	9	
14	15	9	9	9	9	9	9	9	9	9	9	9	9	9	9	9	9	9	9	9	9	9	9	9	9	9	9	9	9	9	9	9	
14	17	9	9	9	9	9	9	9	9	9	9	9	9	9	9	9	9	9	9	9	9	9	9	9	9	9	9	9	9	9	9	9	
14	22	9	9	9	9	9	9	9	9	9	9	9	9	9	9	9	9	9	9	9	9	9	9	9	9	9	9	9	9	9	9	9	
15	17	9	9	9	9	9	9	9	9	9	9	9	9	9	9	9	9	9	9	9	9	9	9	9	9	9	9	9	9	9	9	9	
15	22	9	9	9	9	9	9	9	9	9	9	9	9	9	9	9	9	9	9	9	9	9	9	9	9	9	9	9	9	9	9	9	
17	22	9	9	9	9	9	9	9	9	9	9	9	9	9	9	9	9	9	9	9	9	9	9	9	9	9	0	9	9	9	9	9	
